165374
77575
76805
97982
73359
139744
79995
79088
141377
77794
143056
122806
91286
78335
149658
158866
104965
92950
144973
156472
85657
87763
85348
129684
142554
146066
85549
85434
139247
74683
72286
76542
140518
159165
102192
84481
74997
129206
75946
84087
137670
75640
139801
138930
77483
139451
137166
76429
144408
139791
137002
140600
137769
80479
141284
144020
137909
141654
143049
143529
139976
141722
142061
142356
142766
139337
140958
147509
142445
138820
148258
146781
140806
146420
137881
143028
165899
80177
85765
145978
139143
85900
78267
454639
89666
90568
147054
146641
139180
139699
127616
78157
140339
74719
78546
79743
142704
142077
143272
84713
155673
88241
85629
89154
77838
85086
86968
91405
92275
144119
143206
77437
131247
139926
83406
78634
53013
83722
79265
82560
107104
87329
90494
77591
142657
93419
157254
83673
82621
89907
84947
95214
88314
84670
87617
80765
99665
86544
85361
80858
79079
75945
159937
91177
96208
83308
78064
92178
89754
90926
83230
82856
80565
139700
129249
85531
81045
83817
158649
140034
86702
158805
89986
80984
94474
80133
73840
91887
84957
161178
144838
138100
95078
140068
90941
93119
161021
80338
122232
75590
85013
90373
122713
74133
83594
75490
84473
76512
138283
75003
128125
144002
130782
137973
138164
137525
126165
126881
81724
137717
84835
86988
81905
137956
71056
137466
139336
138710
139356
159645
145446
136923
81152
161883
140917
90687
75883
137239
86196
75527
168064
125693
87200
180886
139720
79804
106735
121930
85572
133040
85938
87581
84164
125561
138964
136947
137902
78795
134805
79065
127590
80927
86659
84136
90817
88505
85703
89988
141516
139541
86216
166365
86361
87472
93082
151510
138563
140277
140812
139283
138814
157251
127710
133344
138625
79165
124554
124888
123960
88831
76542
50276
141957
126822
94739
163056
135980
137292
127078
124313
74427
139327
137857
139089
124941
134164
78140
137887
135906
138015
122208
73753
139226
138675
135711
138076
132884
131238
125633
128474
123607
79759
94711
100349
85625
91304
87122
137860
78191
131860
126870
87435
93303
159317
98314
85428
141546
76921
91498
139827
79430
123504
92426
131144
126131
142741
91701
143749
127225
142189
78866
78877
141249
141852
84626
140011
139742
81701
121717
142117
140386
141380
145001
124085
141261
142180
148380
140140
81938
139310
84193
141738
141645
139315
150135
125505
88779
161772
140384
137762
57894
138161
72942
128489
121295
130056
82019
130043
138376
133235
122687
125078
124887
135371
124554
128428
137537
125655
160561
159502
122040
123167
122805
124345
73051
137314
83388
80245
142532
87887
128365
129033
125666
120611
54647
76235
143926
141388
89911
139470
139582
141971
141221
126197
158472
81471
128069
122354
122629
76833
139097
144111
129435
83698
143411
80009
97195
142358
141475
137667
85551
139202
81721
142448
138810
142207
134310
132763
127598
128932
122236
124568
127486
127647
111067
140165
140348
142378
135867
138810
135416
129804
74348
138641
79283
90158
129114
166843
137494
141245
135678
135676
163223
139041
136178
159139
82112
92517
139744
82843
139075
159095
147589
84048
103757
127971
162062
142761
135955
81689
88354
127442
132993
139137
89955
88556
85787
97898
92714
84028
139835
91524
131902
92927
93112
104918
126271
165438
91655
162594
172623
93941
146940
168040
81946
81888
96383
83869
92899
80782
84865
82307
138517
82538
89791
185743
97667
152407
139168
131225
136662
140699
113889
90713
140773
139327
96536
137696
123965
131624
85136
158801
82435
92389
139884
83345
139288
87319
82631
86871
79636
91544
81941
179264
87639
83602
84871
140083
141795
139052
142482
134834
126731
123576
131590
127267
123401
123085
125924
128188
82584
137706
123935
123495
78047
90149
84706
128415
126647
157313
86132
140891
74893
74388
80841
86302
77023
83931
159295
142783
142606
141935
163340
141542
71341
140233
144091
141093
78544
84942
78572
81370
77184
73539
73836
88468
136519
78298
139867
136462
140906
86218
80655
75093
73807
82855
76184
136456
136807
143653
86518
140961
86408
139517
81798
73321
159429
103686
83444
81930
166197
144282
140334
140626
144418
144013
143958
89844
127136
143526
142869
143323
139248
142967
142737
142451
142492
138126
138593
139374
139567
140767
139857
126603
142377
120947
142001
92213
88348
140775
141719
82427
140965
130564
137610
124462
76426
95283
162059
138255
74558
83455
83536
141023
81274
83773
141021
89192
139944
140196
141516
137254
141038
88823
137987
140677
145654
145265
94234
143397
149462
145910
142305
139632
146685
77199
87449
139629
133816
137410
141973
137397
149158
146038
149754
135963
76364
75384
94099
97932
96497
126403
133545
140579
149080
163059
89773
91955
152674
148011
151198
170565
150889
124278
164597
160663
146530
138231
138514
122364
130201
129840
84371
95887
80024
80888
84654
80926
141519
135324
139637
143266
123082
75453
137921
138461
127109
121782
141838
123178
141395
129932
140780
126998
137825
137078
150455
145076
141897
123221
130567
98165
132801
124820
126079
94905
92518
138026
138051
96775
150182
131177
134431
134333
147247
129228
143123
146132
142672
133478
84880
138883
140785
127272
143209
128602
86541
128658
132273
133485
146798
142758
145790
162629
127103
129658
128304
140171
141144
139189
140328
135838
141122
137871
132878
85740
83239
82464
94137
73811
93182
160119
86830
138893
132499
124945
128944
127265
127182
127221
138092
137024
137970
160814
143553
132075
131888
126830
130553
130790
136632
151548
142469
76503
90373
127331
130029
126938
129157
141049
130394
86835
134826
139438
138997
133595
141076
135411
85369
94097
139429
201649
140092
137942
137525
141321
138145
140347
137699
87340
139672
83706
140703
123282
129294
138022
90290
138877
128144
87242
138431
137402
123077
137085
90760
90059
87058
75135
93549
139801
140064
139257
137735
137983
139124
138841
138831
138718
141660
139581
139754
134372
125247
139287
138549
137656
138895
150450
137641
135612
123258
133610
140723
139449
83187
125990
140417
136900
141072
143097
142789
141136
147060
132823
142526
142430
91254
80955
91258
85154
83808
139637
138645
92489
85040
76025
83428
142504
138379
135940
137367
140615
82496
143602
142689
140581
140490
87311
76857
77119
76314
74718
79359
135442
140023
77586
81610
81044
89252
77172
151887
87438
140653
125553
86547
161494
142449
85717
86893
138723
86079
130156
135559
136831
73707
137831
137923
139125
138555
137824
138064
139169
123450
138915
94275
140247
139496
139177
138580
140927
77994
81349
94287
90578
140968
139055
138396
80729
110147
138374
89067
89379
138848
75482
83605
72763
177543
131279
125998
132077
126395
79411
141266
134175
130861
84327
92413
80850
135910
134226
128009
137957
72938
135751
91382
162253
81350
96315
138621
74188
73806
139204
82424
135623
137332
140808
140668
138160
160671
142886
84612
87385
92757
139006
135312
137203
139354
142952
80809
142294
141197
138024
79866
141474
128444
162157
138225
122771
135425
84106
87872
142040
140572
135182
139326
138834
139371
142913
83552
127641
135187
141733
137976
78447
162673
93084
74662
81936
77805
138205
141356
87119
84920
139618
136851
135330
143482
137792
136235
135175
138563
123114
88922
138078
91353
139984
165622
93996
187058
133512
171748
125473
169602
76051
164272
137895
80001
126706
168614
87877
133603
140477
129918
137539
130180
137462
107377
75550
136706
142887
132560
133127
81670
125691
133072
77565
82692
79577
158299
136928
166202
140026
169095
162161
94641
143827
85307
148128
140990
88091
138297
146478
138149
76047
76451
142818
141459
141312
140312
140318
147267
80587
80268
194538
145876
136001
142101
164889
143007
143094
76079
129860
144175
161850
144800
125670
72983
134908
137869
82522
124463
74534
94779
136937
137977
143993
142195
95619
141856
144925
165115
143377
145430
139094
144596
75248
141228
163618
140279
143453
126095
131333
144749
143641
141624
145804
136888
144126
146516
143632
135887
138165
82765
87824
142517
135282
118437
144587
143058
126529
135626
79723
74607
120425
79182
139134
137748
129177
75567
72993
84565
92900
91361
128026
78735
74754
118850
144015
136429
140909
137856
140946
114967
144456
131238
144373
141314
140819
139763
142435
140443
136557
143974
138215
136214
140382
142330
138046
141298
143481
136401
141995
127823
161618
142917
76432
150016
126237
139808
139270
140885
141938
82826
90295
89025
146154
85225
141520
87229
87328
140325
141520
140194
142683
83418
138201
132849
139818
86911
86431
79342
78560
137959
139308
138681
142041
138563
141274
75658
140429
141681
141590
137684
140972
136719
76128
143660
137830
121875
128394
138126
138288
136795
140967
132885
78767
140441
140908
130977
131230
142503
145353
142617
143821
141563
165185
147450
144201
141872
124307
139920
124614
76441
82291
142314
127491
139662
86607
141335
142432
137921
106812
85619
141917
140425
86062
82373
88457
142994
88876
142570
90749
146992
75673
85963
88269
76195
125849
147900
161074
128673
141952
95552
141155
73367
145561
138926
144482
137436
144233
141672
144637
139038
101342
76146
68700
73150
73398
74007
74433
82915
139694
137534
159100
134726
138708
131389
137920
138841
84901
136869
162011
141135
140846
138923
140337
156361
138865
148159
159363
87356
132834
147735
134979
78620
140187
136205
78992
137998
84169
127256
79423
85175
88909
83540
125096
140915
91921
142202
91229
142275
75948
126998
79974
126233
129614
139784
129738
72509
77320
142505
141038
85847
79874
79018
80235
126233
84168
135670
138474
137763
135141
125147
127678
80638
144713
137692
82697
86906
140637
137420
83596
80501
3539942
139178
138688
136317
139464
142349
85107
162522
129827
142284
135402
142376
144823
141860
141571
125552
139684
160100
139668
141897
128903
123624
140103
135429
125431
90435
139714
159121
139532
138499
124721
127767
127289
125659
132060
142645
140806
160750
157674
138622
143432
142146
142538
140661
140480
122822
141737
140515
74566
142226
142613
137827
160334
141044
138315
128750
127123
83844
126359
129935
130501
128633
125668
126816
138639
159135
128193
126447
137627
138777
143923
162424
145094
141599
84756
144231
143048
126605
89784
138479
133831
140396
136891
141950
138670
142043
141087
138191
141597
148954
138516
138433
141550
139591
179505
80045
141123
88266
140692
134704
137137
77099
164100
140688
139746
155969
139965
140668
138235
162417
80304
159319
162937
159588
141147
134067
87219
92523
90242
143850
160545
163422
162783
89613
161917
142197
144511
78063
141748
144334
142125
142087
144149
163405
141785
143641
158376
86937
143205
131693
124099
129241
158994
139480
83504
169485
76932
142828
142174
141678
140893
141936
159187
80617
81203
93304
158675
161718
137551
127057
142476
138493
141516
89429
93806
129656
88712
124481
126105
87292
131017
124265
91852
91278
88031
148272
133808
131027
91035
133937
147481
138055
138318
138110
138872
138808
129109
125033
149822
88206
129485
128120
125091
143028
125344
138554
135320
137100
76793
76878
131278
76872
137462
133643
136854
122695
131157
171015
138112
200121
117988
144495
96232
124914
120539
115785
122958
120246
130659
117925
119475
150898
135172
88229
149852
84504
108141
152714
133485
87450
131938
146217
106976
102491
170211
82684
152094
126523
130694
127072
74219
84472
140942
137789
137910
136930
75137
129826
163577
140403
88688
136419
87607
82298
90559
137928
180320
149386
138070
87004
133316
75411
130136
136397
129576
136972
133125
139048
82388
140316
79489
137033
131925
139344
137404
140986
132814
138709
81028
138896
85610
133299
167929
81344
100509
87769
123298
85953
138862
76469
137146
136962
125325
85828
124807
125115
136182
138581
128690
86364
82646
95138
159215
138202
91527
87063
84082
139042
136688
137594
136611
137882
136745
80758
82824
77343
136536
139413
138299
88251
86850
138064
138049
137156
82149
83494
121702
124150
166428
159865
159355
140003
138127
82830
77958
136638
84208
143718
143628
96503
139982
138686
136666
137628
137470
137364
85746
76390
138784
140018
135378
103343
130680
139382
137329
139279
160035
125044
89253
85735
160396
83287
77387
140689
126405
126105
146199
135064
126780
130644
138999
138040
79965
138850
128700
82979
141923
159511
89205
76079
139760
84725
128707
95204
84121
139183
76970
125680
84050
160768
158111
136889
126853
83248
136181
138062
84370
124571
81689
140266
80439
75862
70410
162572
75183
75207
70664
140914
172642
85080
136169
143957
152650
90778
80831
167151
117793
138146
90966
136135
79744
138741
177278
162640
160875
81173
138674
139334
83861
98239
95859
82196
140334
88204
82601
103232
92935
114615
138845
138190
82388
103444
153481
121020
124250
140267
136019
149581
129113
137722
140047
129984
136223
138234
138765
143006
123051
79021
78175
79331
138109
141111
149253
81955
134082
131622
138111
158236
128758
128015
128626
139647
130421
124549
127796
126517
78476
142530
140740
144266
138269
137903
73992
157588
137441
78811
136302
159304
134735
160234
144939
89997
128575
138083
147562
81992
127256
94287
77952
138697
88041
136051
73086
139408
138943
137987
136299
137844
125843
138808
82152
130678
160800
130896
79873
104831
107006
79420
124482
102927
82961
73610
80689
124092
80696
80532
138784
139621
123302
126130
161067
138601
157816
90599
82029
123440
91268
128343
78675
87499
141020
164950
73317
137524
140196
76548
93243
167584
167647
131887
84795
87764
138456
136905
141319
82100
89734
143236
83214
140344
138876
82991
86603
79117
82409
90439
89851
142423
83952
80481
79545
85338
85410
85997
94990
89270
78792
78482
165115
129228
84026
142531
81308
156866
141149
145095
144043
